Zane Brown
Program 3 Boundry Fill

Filled Matrix 1
-1 -1 -1 -1 -1  
-1  8  7 -1 -1  
-1  5  6  1 -1  
-1  4  3  2 -1  
-1 -1 -1 -1 -1  

Filled Matrix 2
-1 -1 -1 -1 -1 -1 -1 -1 -1 -1 -1 -1  
-1 46 45 44 43 -1 -1 -1 -1 -1 -1 -1  
-1 -1 40 41 42 33 32 31 30 -1 -1 -1  
-1 -1 39 36 35 34 27 28 29 -1 -1 -1  
-1 -1 38 37 24 25 26  7  6  5  4 -1  
-1 -1 -1 -1 23 22  9  8  1  2  3 -1  
-1 -1 20 19 -1 21 10 -1 -1 -1 -1 -1  
-1 -1 17 18 19 20 11 -1 -1 -1 -1 -1  
-1 -1 16 15 14 13 12 -1 -1 -1 -1 -1  
-1 -1 -1 -1 -1 -1 -1 -1 -1 -1 -1 -1  

Filled Matrix 3
-1 -1 -1 -1 -1 -1 -1 -1  
-1 -1 10  9  8  7  6 -1  
-1 -1  1  2  3  4  5 -1  
-1 13 12  5  4 -1 -1 -1  
-1 10 11  6 -1 -1 -1 -1  
-1  9  8  7 -1 -1 -1 -1  
-1 -1 -1 -1 -1 -1 -1 -1  

