3
 5 5
 2 3
 -1 -1 -1 -1 -1
 -1  0  0 -1 -1
 -1  0  0  0 -1
 -1 -0  0  0 -1
 -1 -1 -1 -1 -1
10  12
 5  8
 -1 -1 -1 -1 -1 -1 -1 -1 -1 -1 -1 -1
 -1  0  0  0  0 -1 -1 -1 -1 -1 -1 -1 
 -1 -1  0  0  0  0  0  0  0 -1 -1 -1 
 -1 -1  0  0  0  0  0  0  0 -1 -1 -1  
 -1 -1  0  0  0  0  0  0  0  0  0 -1  
 -1 -1 -1 -1  0  0  0  0  0  0  0 -1  
 -1 -1  0  0 -1  0  0 -1 -1 -1 -1 -1 
 -1 -1  0  0  0  0  0 -1 -1 -1 -1 -1  
 -1 -1  0  0  0  0  0 -1 -1 -1 -1 -1 
 -1 -1 -1 -1 -1 -1 -1 -1 -1 -1 -1 -1 
  7 8
  2 2
 -1 -1 -1 -1 -1 -1 -1 -1
 -1 -1  0  0  0  0  0 -1
 -1 -1  0  0  0  0  0 -1
 -1  0  0  0  0 -1 -1 -1
 -1  0  0  0 -1 -1 -1 -1
 -1  0  0  0 -1 -1 -1 -1
 -1 -1 -1 -1 -1 -1 -1 -1